0 0
1 0
2 28
3 0
4 0
5 0
6 2
7 12
8 447
9 497
10 29
11 1
12 31
13 68
14 4
15 3
16 3
17 56
18 22
19 537
20 17
21 107
22 4
23 4
24 2
25 104
26 220
27 5
28 34
29 525
30 472
31 548
32 0
33 0
34 427
35 0
36 0
37 0
38 0
39 0
40 1
41 0
42 0
43 1
44 0
45 2
46 0
47 0
48 0
49 0
50 0
51 216
52 0
53 0
54 0
55 33
56 0
57 0
58 2
59 0
60 0
61 0
62 0
63 0
64 2
65 0
66 1
67 0
68 0
69 3
70 0
71 0
72 1
73 0
74 0
75 0
76 209
77 9
78 586
79 6
80 91
81 56
82 414
83 157
84 20
85 1
86 0
87 0
88 1
89 0
90 0
91 0
92 0
93 0
94 0
95 0
96 393
97 8
98 0
99 47
100 382
101 828
102 11
103 85
104 62
105 0
106 46
107 671
108 0
109 0
110 614
111 12
112 15
113 2
114 0
115 3
116 99
117 0
118 0
119 0
120 1
121 3
122 0
123 111
124 94
125 0
126 0
127 1
128 0
129 0
130 0
131 0
132 0
133 124
134 0
135 0
136 0
137 9
138 0
139 0
140 1
141 1
142 230
143 0
144 3
145 0
146 0
147 0
148 1
149 0
150 0
151 0
152 0
153 0
154 0
155 5
156 0
157 0
158 132
159 327
160 443
161 0
162 661
163 0
164 3
165 17
166 2
167 0
168 0
169 0
170 1
171 0
172 0
173 0
174 0
175 0
176 104
177 32
178 133
179 148
180 0
181 0
182 1
183 0
184 0
185 0
186 1
187 0
188 0
189 0
190 0
191 3
192 0
193 0
194 0
195 0
196 0
197 1
198 0
199 0
200 0
201 0
202 0
203 0
204 0
205 1
206 0
207 0
208 0
209 0
210 0
211 0
212 0
213 0
214 1
215 4
216 2
217 0
218 400
219 0
220 0
221 0
222 0
223 0
224 1
225 1
226 1
227 1
228 3
229 1
230 0
231 1
