0 19
1 537
2 7398
3 4
4 44
5 228
6 1
7 1
8 126
9 258
10 115
11 2745
12 144
13 46
14 15
15 2065
16 35
17 29
18 329
19 128
20 14
21 351
22 46
23 409
24 3171
25 781
26 66
27 114
28 1
29 1
30 0
31 1
32 0
33 0
34 0
35 1
36 4
37 1
38 407
39 27
40 117
41 0
42 0
43 1
44 1
45 0
46 0
47 1
48 0
49 0
50 0
51 0
52 0
53 0
54 1
55 1
56 0
57 0
58 4
59 1
60 0
61 56
62 9
63 0
64 0
65 520
66 0
67 172
68 0
69 2
70 1
71 23
72 3
73 216
74 3
75 1
76 0
77 19
78 2
79 179
80 693
81 0
82 40
83 289
84 0
85 3
86 4
87 0
88 3
89 19
90 92
91 1
92 0
93 0
94 6
95 163
96 133
97 97
98 59
99 4
100 0
101 546
102 819
103 0
104 8
105 248
106 3
107 3
108 17
109 13
110 174
111 242
112 554
113 14
114 569
115 78
116 327
117 738
118 1
119 0
120 66
121 136
122 2
123 99
124 0
125 13
126 356
127 4
128 3
129 162
130 1
131 1
132 1
133 0
134 0
135 2
136 7
137 2
138 0
139 1
140 227
141 146
142 77
143 171
144 601
145 172
146 512
147 0
148 0
149 13
150 15
151 51
152 7
153 471
154 0
155 2
156 1035
157 5
158 0
159 4
160 0
161 89
162 0
163 276
164 0
165 1
166 3
167 2
168 0
169 0
170 0
171 0
172 0
173 0
174 0
175 0
176 0
177 0
178 0
179 0
180 0
181 0
182 0
183 0
184 0
185 0
186 0
187 0
188 0
189 0
190 0
191 1
192 0
193 0
194 0
195 0
196 0
197 0
198 0
199 0
200 0
201 0
202 0
203 0
204 0
205 0
206 0
207 0
208 0
209 0
210 0
211 0
212 0
213 0
214 0
215 0
216 0
217 1
218 0
219 0
220 0
221 0
222 0
223 0
224 0
225 0
226 0
227 0
228 0
229 0
230 0
231 0
232 0
233 0
234 0
235 0
236 0
237 0
238 0
239 0
240 0
241 0
242 0
243 0
244 0
245 0
246 1
247 0
248 0
249 0
250 0
251 1
252 0
253 0
254 0
