0 354
1 168
2 185
3 147
4 2690
5 22
6 0
7 0
8 0
9 0
10 0
11 282
12 1108
13 398
14 1
15 0
16 0
17 6
18 1
19 0
20 4
21 1
22 164
23 740
24 3
25 262
26 1
27 458
28 137
29 0
30 0
31 469
32 1
33 224
34 169
35 629
36 283
37 33
38 232
39 135
40 51
41 1856
42 3
43 2768
44 1
45 72
46 2337
47 29
48 15
49 1150
50 85
51 11
52 0
53 0
54 28
55 2
56 247
57 332
58 789
59 0
60 11
61 6
62 8674
63 20
64 159
65 11
66 5492
67 3339
68 508
69 94
70 66
71 19
72 552
73 2
74 75
75 37
76 66
77 28
78 3293
79 9
80 256
81 59
82 882
83 197
84 119
85 2503
86 469
87 4120
88 86
89 143
90 115
91 1019
92 7
93 280
94 308
95 1031
96 301
97 152
98 268
99 1043
100 2787
101 827
102 74
103 458
104 51
105 59
106 1811
107 1
108 1
109 281
110 21
111 0
112 0
113 0
114 16
115 2
116 0
117 0
118 0
119 2
120 0
121 1
122 1
123 0
124 2
125 1
126 0
127 0
128 0
129 0
130 1
131 1
132 0
133 0
134 2
135 0
136 0
137 1
138 0
139 1
140 0
141 0
142 0
143 2
144 4
145 0
146 5
147 3
148 144
149 217
150 3
151 2
152 91
153 310
154 0
155 0
156 2
157 1
158 0
159 469
160 19
161 516
162 316
163 755
164 100
165 823
166 190
167 3476
168 125
169 3
170 1
171 0
172 0
173 197
174 130
175 0
176 26
177 1
178 1
179 3
180 715
181 180
182 263
183 0
184 0
185 0
186 2
187 219
188 120
189 805
190 413
191 202
192 0
193 0
194 2
195 0
196 0
197 2
198 0
199 1
200 0
201 1
202 20
203 124
204 385
205 0
206 0
207 196
208 2
209 22
210 2
211 2
212 4
213 5
214 232
215 0
216 4
217 1250
218 33
219 354
220 175
221 5
222 1
223 0
224 1
225 4
226 2
227 2
228 284
229 1
230 367
231 171
232 1
233 0
234 0
235 97
236 632
237 1
238 1
239 389
240 418
241 160
242 262
243 1
244 1
245 58
246 0
247 366
248 356
249 391
250 0
251 0
252 11
253 1
254 1
255 0
256 306
257 0
258 1
259 221
260 2212
261 7
262 3
263 70
264 0
265 0
266 225
267 1
268 31
269 3
270 669
271 785
272 645
273 276
274 41
275 39
276 2
277 2
278 0
279 0
280 0
281 0
282 0
283 2
284 5
285 3
286 1
287 295
288 1042
289 1388
290 1
291 0
292 58
293 974
294 0
295 1
296 0
297 642
298 1030
299 0
300 0
301 0
302 1
303 0
304 2
305 0
306 0
307 0
308 0
309 0
310 0
311 0
312 0
313 0
314 0
315 0
316 0
317 0
318 0
319 0
320 0
321 0
322 0
323 0
324 0
325 0
326 0
327 0
328 0
329 0
330 1
331 0
332 0
333 0
334 0
335 0
336 0
337 0
338 0
339 0
340 0
341 0
342 0
343 0
344 0
345 0
346 0
347 0
348 0
349 0
350 0
351 0
352 0
353 0
354 0
355 0
356 0
357 0
358 0
359 0
360 0
361 464
362 0
363 0
