0 39
1 0
2 0
3 1
4 0
5 0
6 0
7 316
8 0
9 0
10 0
11 0
12 1035
13 2416
14 2003
15 12
16 2
17 2
18 39
19 430
20 380
21 7
22 10
23 532
24 176
25 227
26 719
27 693
28 83
29 58
30 104
31 4
32 19
33 0
34 790
35 1293
36 488
37 234
38 0
39 3
40 4
41 48
42 1
43 541
44 282
45 158
46 0
47 0
48 0
49 0
50 0
51 3
52 2
53 0
54 0
55 0
56 0
57 0
58 0
59 2
60 0
61 5
62 0
63 0
64 0
65 0
66 230
67 0
68 0
69 0
70 1
71 114
72 0
73 0
74 0
75 1
76 0
77 0
78 1
79 0
80 0
81 0
82 37
83 1
84 0
85 0
86 0
87 0
88 1
89 0
90 0
91 0
92 0
93 137
94 42
95 122
96 467
97 117
98 201
99 981
100 1023
101 1148
102 35
103 2
104 0
105 0
106 2
107 127
108 79
109 27
110 15
111 6
112 1
113 869
114 126
115 99
116 35
117 6
118 6
119 127
120 18
121 0
122 0
123 0
124 0
125 0
126 0
127 0
128 0
129 0
130 0
131 0
132 0
133 0
134 0
135 0
136 23
137 105
138 557
139 2
140 0
141 0
142 1
143 1
144 0
145 552
146 0
147 144
148 1
149 110
150 14
151 6
152 0
153 0
154 0
155 0
156 0
157 0
158 0
159 1
160 240
161 11
162 4
163 679
164 1
165 4
166 5437
167 3
168 4
169 0
170 0
171 0
172 0
173 0
174 62
175 872
176 0
177 0
178 249
179 10
180 122
181 3
182 0
183 0
184 1
185 0
186 1
187 0
188 0
189 36
190 0
191 0
192 0
193 0
194 0
195 0
196 395
197 23
198 3
199 0
200 0
201 0
202 0
203 936
204 0
205 412
206 130
207 514
208 2
209 0
210 254
211 27
212 0
213 0
214 0
215 0
216 0
217 0
218 0
219 0
220 0
221 0
222 0
223 1
224 0
225 0
226 1
227 0
228 0
229 1
230 0
231 1
232 0
233 0
234 0
235 0
236 0
237 0
238 0
239 0
240 0
241 0
242 1
243 0
244 0
245 0
246 0
247 0
248 0
249 0
250 0
251 5
252 0
253 0
254 0
255 0
256 0
257 0
258 0
259 0
260 0
261 0
262 0
263 4
264 0
265 0
266 0
267 1
268 2
269 0
270 0
271 0
272 432
273 200
274 4
275 0
276 0
277 0
278 0
