0 1
1 23770
2 1614
3 21
4 1042
5 75
6 4
7 74
8 0
9 0
10 3
11 1631
12 1484
13 4983
14 648
15 1238
16 2209
17 24
18 12
19 8
20 0
21 11944
22 988
23 0
24 3
25 1
26 1310
27 8
28 0
29 2
30 21
31 253
32 1656
33 4
34 7
35 17
36 0
37 130
38 116
39 2
40 25
41 595
42 2
43 9
44 349
45 5
46 13
47 257
48 25
49 1166
50 18
51 192
52 57
53 5
54 3
55 10
56 36
57 44
58 12
59 0
60 1
61 3717
62 0
63 114
64 13
65 10
66 3
67 5
68 3515
69 1006
70 74
71 743
72 2
73 0
74 34
75 65
76 306
77 2
78 0
79 379
80 78
81 326
82 11
83 335
84 467
85 21
86 0
87 11
88 5
89 12
90 10
91 22
92 22
93 6
94 4
95 41
96 12
97 6
98 1
99 66
100 3
101 0
102 386
103 1
104 6
105 911
106 66
107 189
108 50
109 7
110 34
111 15
112 394
113 265
114 895
115 0
116 0
117 0
118 0
119 0
120 0
121 0
122 0
123 0
124 0
125 0
126 0
127 0
128 0
129 0
130 0
131 260
132 1122
133 0
134 0
135 0
136 0
137 0
138 0
139 1
140 0
141 579
142 0
143 1
144 1
145 0
146 0
147 0
148 1
149 2
150 0
151 0
152 0
153 0
154 1
155 1
156 0
157 1
158 0
159 0
160 0
161 0
162 0
163 0
164 0
165 0
166 0
167 1
168 0
169 8
170 0
171 0
172 0
173 0
174 0
175 1
176 0
177 0
178 0
179 0
180 0
181 2
182 4
183 0
184 0
185 13
186 9
187 1322
188 2
189 64
190 45
191 27
192 444
193 265
194 7
195 2700
196 8
197 709
198 1803
199 99
200 4
201 25
202 118
203 271
204 9
205 1468
206 3671
207 3
208 5
209 3
210 48
211 328
212 5
213 185
214 2122
215 1
216 0
217 0
218 0
219 0
220 1
221 0
222 0
223 0
224 0
225 0
226 0
227 0
228 0
229 0
230 0
231 1
232 1
233 0
234 1
235 0
236 0
237 0
238 3
239 0
240 0
241 0
242 0
243 1
244 0
245 2
246 0
247 0
248 0
249 0
250 0
251 0
252 1
253 0
254 0
255 0
256 0
257 1
258 65
259 0
260 1
261 1
262 0
263 0
264 0
265 0
266 0
267 0
268 10
269 13
270 40
271 19
272 31
273 5
274 64
275 6
276 21
277 192
278 1051
279 68
280 3424
281 3
282 1
283 74
284 10
285 37
286 1511
287 5367
288 0
289 0
290 0
291 1
292 0
293 0
294 0
295 0
296 2
297 1609
298 2
299 12
300 1931
301 184
302 97
303 18
304 2
305 1
306 0
307 1
308 0
309 0
310 156
311 4
312 0
313 7
314 55
315 11
316 1
317 0
318 0
319 0
320 0
321 0
322 0
323 0
324 0
325 0
326 0
327 0
328 0
329 867
330 0
331 0
332 0
333 0
334 0
335 0
336 0
337 0
338 717
339 1
340 0
341 0
342 0
343 0
344 607
345 970
346 2930
347 85
348 0
349 10
350 345
351 22
352 736
353 676
354 16
355 15
356 404
357 30
358 698
359 2908
360 4909
361 377
362 1488
363 1038
364 16
365 13
366 18
367 129
368 4031
369 785
370 122
371 751
372 0
373 414
374 15
375 315
376 6
377 1543
378 33
379 3
380 2
381 507
382 0
383 1
384 0
385 0
386 0
387 0
388 0
389 0
390 0
391 0
392 1
393 0
394 0
395 0
396 0
397 1
398 0
399 0
400 0
401 0
402 0
403 2
404 0
405 0
406 0
407 0
