0 581
1 134
2 7112
3 54
4 5
5 1
6 3
7 0
8 21
9 252
10 6
11 1
12 5
13 592
14 296
15 4
16 1704
17 154
18 4
19 7
20 4
21 116
22 7
23 18
24 0
25 0
26 1005
27 1022
28 3992
29 2
30 1
31 0
32 0
33 0
34 0
35 0
36 0
37 0
38 0
39 0
40 0
41 0
42 0
43 0
44 0
45 0
46 0
47 0
48 0
49 0
50 0
51 14
52 2006
53 222
54 75
55 3515
56 211
57 557
58 143
59 0
60 0
61 0
62 0
63 0
64 1
65 0
66 0
67 0
68 1
69 61
70 0
71 0
72 0
73 0
74 324
75 7
76 95
77 535
78 386
79 0
80 0
81 0
82 20
83 897
84 3934
85 163
86 47
87 0
88 10
89 58
90 164
91 19
92 0
93 388
94 1724
95 24
96 14
97 1156
98 1214
99 3
100 129
101 2
102 20
103 345
104 286
105 70
106 749
107 1383
108 6594
109 163
110 28
111 8
112 20
113 16
114 68
115 7
116 120
117 29
118 13
119 857
120 6
121 226
122 2
123 2
124 527
125 10
126 218
127 1036
128 348
129 51
130 445
131 40
132 64
133 3
134 26
135 6
136 327
137 266
138 195
139 12
140 75
141 4
142 248
143 7
144 1160
145 674
146 25
147 164
148 675
149 7
150 4
151 1
152 5
153 0
154 6
155 6
156 112
157 101
158 947
159 48196
160 4975
161 29
162 357
163 340
164 536
165 779
166 97
167 4
168 9
169 1
170 4
171 13
172 5
173 23
174 3716
175 1
176 1
177 6
178 27
179 3
180 0
181 3
182 2600
183 1
184 5
185 644
186 391
187 3
188 796
189 1620
190 203
191 577
192 543
193 99
194 8
195 48
196 4097
197 949
198 958
199 10
200 932
201 4
202 1126
203 667
204 1
205 6
206 10478
207 1894
208 23
209 2
210 599
211 2
212 7
213 340
214 37
215 2059
216 83
217 1
218 864
219 337
220 265
221 1512
222 53
223 497
224 31
225 15
226 789
227 470
228 142
229 532
230 245
231 1387
232 133
233 429
234 477
235 5393
236 468
237 13
238 2
239 3
240 1
241 6165
242 5
243 28
244 4877
245 3623
246 506
247 7
248 511
249 0
250 0
251 0
252 1
253 0
254 1
255 2
256 7
257 416
258 876
259 0
260 0
261 0
262 0
263 0
264 0
265 0
266 0
267 0
268 0
269 501
270 1658
271 245
272 0
273 0
274 117
275 185
276 0
277 0
278 0
279 0
280 1
281 0
282 0
283 0
284 0
285 0
286 0
287 0
288 0
289 0
290 0
291 603
292 0
293 0
294 1390
295 275
296 0
297 1
298 1
299 1
300 0
301 0
302 2
303 0
304 0
305 0
306 0
307 0
308 0
309 0
310 0
311 0
312 0
313 1
314 0
315 0
316 0
317 1
318 16
319 1
320 2
321 0
322 2
323 0
324 1
325 1
326 0
327 0
328 0
329 0
330 0
331 0
332 0
333 0
334 0
335 1
336 0
337 1
338 0
339 0
340 0
341 9
342 1
343 0
344 0
345 0
346 0
347 0
348 0
349 0
350 0
351 0
352 0
353 0
354 0
355 0
356 1
357 0
358 0
359 0
360 0
361 0
362 0
363 1
364 0
365 1
366 0
367 0
368 0
369 0
370 0
371 0
372 0
373 0
374 1
375 0
376 0
377 20
378 0
379 1
380 0
381 0
382 0
383 0
384 0
385 0
386 0
387 0
388 0
389 0
390 0
391 0
392 0
393 0
394 0
395 0
396 0
397 0
398 0
399 0
400 0
